version https://git-lfs.github.com/spec/v1
oid sha256:999cd90bd46da46559a6ab0400afb2f5159d6a2320824e547122a548c465e8f1
size 12553
